1
100
8 99 93 44 94 39 26 28 23 
7 67 97 30 71 13 83 33 
2 51 67 
10 95 44 53 71 33 27 47 31 77 37 
7 27 35 25 22 77 13 27 
3 1 12 26 
8 87 61 44 57 4 46 16 5 
7 55 45 94 82 86 45 13 
6 90 13 90 17 80 49 
3 73 88 43 
2 94 14 
10 48 83 50 31 100 95 23 95 37 18 
3 83 67 35 
8 99 88 41 84 24 13 75 52 
3 43 82 36 
9 96 8 62 86 93 95 55 91 12 
5 39 83 78 32 31 
9 21 62 62 53 55 63 50 71 69 
5 58 78 2 12 37 
3 22 70 77 
5 96 51 89 31 11 
8 89 54 26 6 54 62 71 53 
2 70 6 
6 7 19 76 8 81 18 
1 85 
9 50 44 38 31 98 31 70 29 75 
8 86 35 98 49 31 89 35 24 
2 70 16 
8 49 33 89 37 53 92 44 60 
9 33 91 54 48 64 50 65 90 86 
7 32 70 15 66 35 76 47 
10 86 22 41 80 28 52 1 23 5 18 
4 34 62 37 15 
7 62 44 13 86 26 49 91 
4 42 27 4 52 
9 47 63 45 20 4 18 25 69 21 
6 86 15 32 96 41 66 
8 2 34 51 61 10 62 82 58 
10 73 45 91 88 87 74 8 26 20 6 
1 80 
4 73 4 3 40 
6 23 61 80 96 3 57 
8 14 16 67 5 57 31 68 7 
7 74 85 3 60 81 6 66 
8 32 26 48 82 8 19 42 14 
6 20 33 89 25 89 77 
9 46 48 32 38 41 53 42 64 38 
7 18 74 12 93 68 27 46 
8 55 78 47 70 72 33 91 93 
2 43 89 
2 32 47 
7 100 41 95 40 19 80 97 
10 60 26 85 94 89 61 11 100 73 80 
3 78 44 31 
10 14 32 44 77 35 64 2 58 24 28 
2 97 74 
8 77 13 48 90 2 5 61 1 
6 67 86 64 17 27 49 
9 69 25 60 16 46 11 7 46 75 
3 7 10 32 
1 37 
6 91 93 63 31 44 7 
8 80 49 57 89 82 13 85 43 
10 28 89 23 25 13 22 74 11 48 63 
2 27 55 
7 82 82 94 38 27 55 98 
10 62 13 13 14 56 81 29 7 9 40 
7 36 49 49 67 53 53 87 
8 86 62 72 4 91 32 89 19 
5 29 39 10 64 82 
2 50 43 
4 36 34 26 23 
5 98 42 58 4 93 
10 70 53 58 30 51 87 55 87 9 48 
10 24 29 14 15 54 87 57 95 42 51 
9 93 80 93 1 72 96 66 11 58 
4 72 88 12 6 
1 66 
7 20 52 76 27 72 69 80 
10 39 90 61 71 53 78 98 29 94 50 
8 20 6 64 25 59 4 6 37 
2 9 11 
9 28 64 68 40 37 10 13 12 30 
5 52 61 62 1 2 
7 31 86 50 86 39 8 79 
2 12 21 
5 93 5 37 24 29 
7 81 61 51 9 95 11 56 
2 38 62 
1 33 
4 63 98 83 33 
6 67 10 91 86 57 85 
5 98 27 100 19 88 
6 19 70 21 30 53 97 
5 61 52 43 85 24 
6 70 26 19 23 55 66 
5 41 59 31 92 70 
8 90 17 83 90 92 43 83 34 
1 46 
1 30