10
0 
1 10 
0 
0 
0 
0 
0 
0 
0 
1 2 
10
3 10 7 5 
0 
3 10 9 8 
2 10 9 
3 7 6 1 
1 5 
3 9 5 1 
2 10 3 
3 7 4 3 
4 8 4 3 1 
10
3 9 5 4 
0 
2 10 9 
3 10 9 1 
2 7 1 
1 8 
2 10 5 
2 10 6 
4 10 4 3 1 
5 9 8 7 4 3 
10
4 9 7 6 5 
3 9 5 3 
4 9 6 5 2 
2 7 5 
5 9 4 3 2 1 
3 7 3 1 
3 6 4 1 
1 10 
4 5 3 2 1 
1 8 
10
3 10 6 3 
4 9 8 7 6 
5 10 8 7 5 1 
3 10 9 5 
4 10 9 4 3 
2 2 1 
4 10 8 3 2 
5 10 9 7 3 2 
4 8 5 4 2 
6 8 7 5 4 3 1 
10
3 10 9 2 
6 10 9 8 5 3 1 
5 10 9 7 5 2 
4 10 8 7 6 
6 10 8 7 6 3 2 
5 10 9 8 5 4 
5 10 8 5 4 3 
7 10 9 7 6 5 4 2 
6 10 8 6 3 2 1 
9 9 8 7 6 5 4 3 2 1 
10
5 10 8 4 3 2 
4 9 8 4 1 
6 10 9 8 6 5 1 
6 9 8 7 5 2 1 
5 10 8 6 4 3 
6 10 9 8 7 5 3 
4 10 9 6 4 
8 10 9 6 5 4 3 2 1 
6 8 7 6 4 3 2 
6 8 7 6 5 3 1 
10
8 10 9 8 6 5 4 3 2 
7 10 9 8 6 5 3 1 
7 10 9 8 7 5 2 1 
6 10 9 8 7 5 1 
9 10 9 8 7 6 4 3 2 1 
6 10 9 7 5 2 1 
7 10 9 8 6 5 4 3 
8 10 9 7 5 4 3 2 1 
9 10 8 7 6 5 4 3 2 1 
9 9 8 7 6 5 4 3 2 1 
10
7 9 8 7 6 5 4 3 
8 10 9 8 7 6 5 4 3 
9 10 9 8 7 6 5 4 2 1 
9 10 9 8 7 6 5 3 2 1 
8 10 9 8 6 4 3 2 1 
9 10 9 8 7 5 4 3 2 1 
8 10 9 8 6 4 3 2 1 
9 10 9 7 6 5 4 3 2 1 
9 10 8 7 6 5 4 3 2 1 
8 9 8 7 6 5 4 3 2 
